Bypass Authorization
OWASPZAP 0.14285714285714285 0.14285714285714285 0.14285714285714285 0.15285714285714286
BurpSuite 0.13785714285714287 0.13785714285714287 0.13785714285714287 0.12785714285714286
IronWasp 0.13285714285714287 0.13285714285714287 0.13285714285714287 0.13785714285714287
Acunetix 0.12785714285714286 0.12785714285714286 0.12785714285714286 0.13285714285714287
Wapiti 0.15285714285714286 0.14785714285714285 0.14785714285714285 0.14785714285714285
OWASPZAPPLUGINS 0.14785714285714285 0.15285714285714286 0.15285714285714286 0.14285714285714285


Path Traversal
OWASPZAP 0.12785714285714286 0.14285714285714285 0.14285714285714285 0.12785714285714286
BurpSuite 0.13785714285714287 0.13785714285714287 0.13785714285714287 0.13785714285714287
IronWasp 0.13285714285714287 0.13285714285714287 0.13285714285714287 0.13285714285714287
Acunetix 0.14285714285714285 0.12785714285714286 0.12785714285714286 0.15285714285714286
Wapiti 0.14785714285714285 0.14785714285714285 0.14785714285714285 0.14285714285714285
OWASPZAPPLUGINS 0.15285714285714286 0.15285714285714286 0.15285714285714286 0.14785714285714285


Remote File Inclusion
OWASPZAP 0.14785714285714285 0.14785714285714285 0.14785714285714285 0.15285714285714286
BurpSuite 0.15285714285714286 0.15285714285714286 0.15285714285714286 0.14785714285714285
IronWasp 0.13285714285714287 0.13285714285714287 0.13285714285714287 0.14035714285714285
Acunetix 0.14285714285714285 0.14285714285714285 0.14285714285714285 0.12785714285714286
Wapiti 0.13285714285714287 0.13285714285714287 0.13285714285714287 0.13285714285714287
OWASPZAPPLUGINS 0.13285714285714287 0.13285714285714287 0.13285714285714287 0.14035714285714285


CSRF
OWASPZAP 0.14785714285714285 0.14785714285714285 0.14785714285714285 0.14785714285714285
BurpSuite 0.14285714285714285 0.14285714285714285 0.14285714285714285 0.13785714285714287
IronWasp 0.12785714285714286 0.12785714285714286 0.12785714285714286 0.12785714285714286
Acunetix 0.13285714285714287 0.13285714285714287 0.13285714285714287 0.14285714285714285
Wapiti 0.13785714285714287 0.13785714285714287 0.13785714285714287 0.13285714285714287
OWASPZAPPLUGINS 0.15285714285714286 0.15285714285714286 0.15285714285714286 0.15285714285714286


Transmission of Information in Cleartext
OWASPZAP 0.13035714285714287 0.13035714285714287 0.13035714285714287 0.13035714285714287
BurpSuite 0.15285714285714286 0.15285714285714286 0.15285714285714286 0.14535714285714285
IronWasp 0.14785714285714285 0.14785714285714285 0.14785714285714285 0.14535714285714285
Acunetix 0.14035714285714285 0.14035714285714285 0.14035714285714285 0.14535714285714285
Wapiti 0.14035714285714285 0.14035714285714285 0.14035714285714285 0.14535714285714285
OWASPZAPPLUGINS 0.13035714285714287 0.13035714285714287 0.13035714285714287 0.13035714285714287


Untrusted/Invalid TLS certificate
OWASPZAP 0.13535714285714287 0.13535714285714287 0.13535714285714287 0.13535714285714287
BurpSuite 0.15035714285714286 0.15035714285714286 0.15035714285714286 0.15035714285714286
IronWasp 0.13535714285714287 0.13535714285714287 0.13535714285714287 0.13535714285714287
Acunetix 0.13535714285714287 0.13535714285714287 0.13535714285714287 0.13535714285714287
Wapiti 0.15035714285714286 0.15035714285714286 0.15035714285714286 0.15035714285714286
OWASPZAPPLUGINS 0.13535714285714287 0.13535714285714287 0.13535714285714287 0.13535714285714287


Command Injection
OWASPZAP 0.14785714285714285 0.14785714285714285 0.14785714285714285 0.15285714285714286
BurpSuite 0.13785714285714287 0.13285714285714287 0.13285714285714287 0.14285714285714285
IronWasp 0.14285714285714285 0.14285714285714285 0.14285714285714285 0.14785714285714285
Acunetix 0.12785714285714286 0.12785714285714286 0.12785714285714286 0.12785714285714286
Wapiti 0.13285714285714287 0.13785714285714287 0.13785714285714287 0.13285714285714287
OWASPZAPPLUGINS 0.15285714285714286 0.15285714285714286 0.15285714285714286 0.13785714285714287


SQL Injection
OWASPZAP 0.14285714285714285 0.14285714285714285 0.14285714285714285 0.13785714285714287
BurpSuite 0.12785714285714286 0.12785714285714286 0.12785714285714286 0.12785714285714286
IronWasp 0.13285714285714287 0.13285714285714287 0.13285714285714287 0.14785714285714285
Acunetix 0.13785714285714287 0.13785714285714287 0.13785714285714287 0.15285714285714286
Wapiti 0.14785714285714285 0.14785714285714285 0.14785714285714285 0.14285714285714285
OWASPZAPPLUGINS 0.15285714285714286 0.15285714285714286 0.15285714285714286 0.13285714285714287


LDAP Injection
OWASPZAP 0.13535714285714287 0.13535714285714287 0.13535714285714287 0.13785714285714287
BurpSuite 0.13535714285714287 0.13535714285714287 0.13535714285714287 0.12785714285714286
IronWasp 0.13535714285714287 0.13535714285714287 0.13535714285714287 0.13785714285714287
Acunetix 0.15285714285714286 0.15285714285714286 0.15285714285714286 0.15285714285714286
Wapiti 0.13535714285714287 0.13535714285714287 0.13535714285714287 0.13785714285714287
OWASPZAPPLUGINS 0.14785714285714285 0.14785714285714285 0.14785714285714285 0.14785714285714285


XSS
OWASPZAP 0.15285714285714286 0.15285714285714286 0.14785714285714285 0.13785714285714287
BurpSuite 0.14285714285714285 0.13785714285714287 0.13285714285714287 0.12785714285714286
IronWasp 0.13285714285714287 0.13285714285714287 0.13785714285714287 0.15285714285714286
Acunetix 0.13785714285714287 0.14285714285714285 0.14285714285714285 0.14785714285714285
Wapiti 0.12785714285714286 0.12785714285714286 0.12785714285714286 0.13285714285714287
OWASPZAPPLUGINS 0.14785714285714285 0.14785714285714285 0.15285714285714286 0.14285714285714285


XPath Injection
OWASPZAP 0.13035714285714287 0.13035714285714287 0.13035714285714287 0.13035714285714287
BurpSuite 0.13785714285714287 0.13785714285714287 0.13785714285714287 0.14285714285714285
IronWasp 0.14285714285714285 0.14285714285714285 0.14285714285714285 0.15285714285714286
Acunetix 0.13035714285714287 0.13035714285714287 0.13035714285714287 0.13035714285714287
Wapiti 0.14785714285714285 0.14785714285714285 0.14785714285714285 0.14785714285714285
OWASPZAPPLUGINS 0.15285714285714286 0.15285714285714286 0.15285714285714286 0.13785714285714287


HTTP Response Splitting
OWASPZAP 0.14035714285714287 0.14035714285714287 0.14035714285714287 0.14035714285714287
BurpSuite 0.14035714285714287 0.14035714285714287 0.14035714285714287 0.14035714285714287
IronWasp 0.14035714285714287 0.14035714285714287 0.14035714285714287 0.14035714285714287
Acunetix 0.14035714285714287 0.14035714285714287 0.14035714285714287 0.14035714285714287
Wapiti 0.14035714285714287 0.14035714285714287 0.14035714285714287 0.14035714285714287
OWASPZAPPLUGINS 0.14035714285714287 0.14035714285714287 0.14035714285714287 0.14035714285714287


Exposed Improper Error Handling
OWASPZAP 0.14285714285714285 0.14285714285714285 0.14285714285714285 0.12785714285714286
BurpSuite 0.13035714285714287 0.13035714285714287 0.13035714285714287 0.15035714285714286
IronWasp 0.13035714285714287 0.13035714285714287 0.13035714285714287 0.15035714285714286
Acunetix 0.15285714285714286 0.15285714285714286 0.15285714285714286 0.13785714285714287
Wapiti 0.13785714285714287 0.13785714285714287 0.13785714285714287 0.14285714285714285
OWASPZAPPLUGINS 0.14785714285714285 0.14785714285714285 0.14785714285714285 0.13285714285714287


Bad Security Design of Form Fields
OWASPZAP 0.13785714285714287 0.13785714285714287 0.13785714285714287 0.14035714285714287
BurpSuite 0.13785714285714287 0.13785714285714287 0.13785714285714287 0.14035714285714287
IronWasp 0.15285714285714286 0.15285714285714286 0.15285714285714286 0.15285714285714286
Acunetix 0.13785714285714287 0.13785714285714287 0.13785714285714287 0.12785714285714286
Wapiti 0.13785714285714287 0.13785714285714287 0.13785714285714287 0.14035714285714287
OWASPZAPPLUGINS 0.13785714285714287 0.13785714285714287 0.13785714285714287 0.14035714285714287


Method Tampering
OWASPZAP 0.14785714285714285 0.14785714285714285 0.14785714285714285 0.13785714285714287
BurpSuite 0.14285714285714285 0.14285714285714285 0.14285714285714285 0.14285714285714285
IronWasp 0.13035714285714287 0.13035714285714287 0.13035714285714287 0.13035714285714287
Acunetix 0.13035714285714287 0.13035714285714287 0.13035714285714287 0.13035714285714287
Wapiti 0.13785714285714287 0.13785714285714287 0.13785714285714287 0.14785714285714285
OWASPZAPPLUGINS 0.15285714285714286 0.15285714285714286 0.15285714285714286 0.15285714285714286


XXE
OWASPZAP 0.13785714285714287 0.13785714285714287 0.13785714285714287 0.13785714285714287
BurpSuite 0.13785714285714287 0.13785714285714287 0.13785714285714287 0.13785714285714287
IronWasp 0.13785714285714287 0.13785714285714287 0.13785714285714287 0.13785714285714287
Acunetix 0.13785714285714287 0.13785714285714287 0.13785714285714287 0.13785714285714287
Wapiti 0.15285714285714286 0.15285714285714286 0.15285714285714286 0.15285714285714286
OWASPZAPPLUGINS 0.13785714285714287 0.13785714285714287 0.13785714285714287 0.13785714285714287


Bad Programming of Cookies
OWASPZAP 0.15285714285714286 0.15285714285714286 0.15285714285714286 0.15285714285714286
BurpSuite 0.13285714285714287 0.13285714285714287 0.13285714285714287 0.13285714285714287
IronWasp 0.13785714285714287 0.13785714285714287 0.13785714285714287 0.13785714285714287
Acunetix 0.12785714285714286 0.12785714285714286 0.12785714285714286 0.12785714285714286
Wapiti 0.14285714285714285 0.14285714285714285 0.14285714285714285 0.14285714285714285
OWASPZAPPLUGINS 0.14785714285714285 0.14785714285714285 0.14785714285714285 0.14785714285714285


Hardcoded Secret
OWASPZAP 0.14035714285714287 0.14035714285714287 0.14035714285714287 0.14035714285714287
BurpSuite 0.14035714285714287 0.14035714285714287 0.14035714285714287 0.14035714285714287
IronWasp 0.14035714285714287 0.14035714285714287 0.14035714285714287 0.14035714285714287
Acunetix 0.14035714285714287 0.14035714285714287 0.14035714285714287 0.14035714285714287
Wapiti 0.14035714285714287 0.14035714285714287 0.14035714285714287 0.14035714285714287
OWASPZAPPLUGINS 0.14035714285714287 0.14035714285714287 0.14035714285714287 0.14035714285714287


Vulnerable Outdated Component
OWASPZAP 0.15285714285714286 0.15285714285714286 0.15285714285714286 0.13785714285714287
BurpSuite 0.14035714285714285 0.14035714285714285 0.14035714285714285 0.15035714285714286
IronWasp 0.13285714285714287 0.13285714285714287 0.13285714285714287 0.14285714285714285
Acunetix 0.14035714285714285 0.14035714285714285 0.14035714285714285 0.15035714285714286
Wapiti 0.12785714285714286 0.12785714285714286 0.12785714285714286 0.12785714285714286
OWASPZAPPLUGINS 0.14785714285714285 0.14785714285714285 0.14785714285714285 0.13285714285714287


Bypass Authentication
OWASPZAP 0.14535714285714285 0.14535714285714285 0.14535714285714285 0.14535714285714285
BurpSuite 0.14535714285714285 0.14535714285714285 0.14535714285714285 0.14535714285714285
IronWasp 0.13285714285714287 0.13285714285714287 0.13285714285714287 0.13285714285714287
Acunetix 0.13285714285714287 0.13285714285714287 0.13285714285714287 0.13285714285714287
Wapiti 0.13285714285714287 0.13285714285714287 0.13285714285714287 0.13285714285714287
OWASPZAPPLUGINS 0.15285714285714286 0.15285714285714286 0.15285714285714286 0.15285714285714286


Brute Force Attack
OWASPZAP 0.13535714285714287 0.13535714285714287 0.13535714285714287 0.13535714285714287
BurpSuite 0.13535714285714287 0.13535714285714287 0.13535714285714287 0.13535714285714287
IronWasp 0.13535714285714287 0.13535714285714287 0.13535714285714287 0.13535714285714287
Acunetix 0.15285714285714286 0.14785714285714285 0.15285714285714286 0.14785714285714285
Wapiti 0.14785714285714285 0.15285714285714286 0.14785714285714285 0.15285714285714286
OWASPZAPPLUGINS 0.13535714285714287 0.13535714285714287 0.13535714285714287 0.13535714285714287


Session Fixation
OWASPZAP 0.13785714285714287 0.13785714285714287 0.13785714285714287 0.13785714285714287
BurpSuite 0.13785714285714287 0.13785714285714287 0.13785714285714287 0.13785714285714287
IronWasp 0.15285714285714286 0.15285714285714286 0.15285714285714286 0.15285714285714286
Acunetix 0.13785714285714287 0.13785714285714287 0.13785714285714287 0.13785714285714287
Wapiti 0.13785714285714287 0.13785714285714287 0.13785714285714287 0.13785714285714287
OWASPZAPPLUGINS 0.13785714285714287 0.13785714285714287 0.13785714285714287 0.13785714285714287


Insecure scope of Cookies
OWASPZAP 0.14785714285714285 0.14785714285714285 0.14785714285714285 0.15285714285714286
BurpSuite 0.15285714285714286 0.15285714285714286 0.15285714285714286 0.14285714285714285
IronWasp 0.13285714285714287 0.13285714285714287 0.13285714285714287 0.13285714285714287
Acunetix 0.14285714285714285 0.14285714285714285 0.14285714285714285 0.14785714285714285
Wapiti 0.13285714285714287 0.13285714285714287 0.13285714285714287 0.13285714285714287
OWASPZAPPLUGINS 0.13285714285714287 0.13285714285714287 0.13285714285714287 0.13285714285714287


Insecure Deserialization
OWASPZAP 0.14035714285714287 0.14035714285714287 0.14035714285714287 0.14035714285714287
BurpSuite 0.14035714285714287 0.14035714285714287 0.14035714285714287 0.14035714285714287
IronWasp 0.14035714285714287 0.14035714285714287 0.14035714285714287 0.14035714285714287
Acunetix 0.14035714285714287 0.14035714285714287 0.14035714285714287 0.14035714285714287
Wapiti 0.14035714285714287 0.14035714285714287 0.14035714285714287 0.14035714285714287
OWASPZAPPLUGINS 0.14035714285714287 0.14035714285714287 0.14035714285714287 0.14035714285714287


Improper Output Neutralization for Logs
OWASPZAP 0.14785714285714285 0.14785714285714285 0.14785714285714285 0.12785714285714286
BurpSuite 0.13285714285714287 0.13285714285714287 0.13285714285714287 0.14285714285714285
IronWasp 0.14035714285714285 0.14035714285714285 0.14035714285714285 0.15035714285714286
Acunetix 0.14035714285714285 0.14035714285714285 0.14035714285714285 0.15035714285714286
Wapiti 0.12785714285714286 0.12785714285714286 0.12785714285714286 0.13785714285714287
OWASPZAPPLUGINS 0.15285714285714286 0.15285714285714286 0.15285714285714286 0.13285714285714287


SSRF
OWASPZAP 0.13285714285714287 0.14285714285714285 0.13785714285714287 0.13285714285714287
BurpSuite 0.14785714285714285 0.14785714285714285 0.14785714285714285 0.13785714285714287
IronWasp 0.14285714285714285 0.13785714285714287 0.14285714285714285 0.15285714285714286
Acunetix 0.15285714285714286 0.15285714285714286 0.15285714285714286 0.14285714285714285
Wapiti 0.13785714285714287 0.13285714285714287 0.13285714285714287 0.14785714285714285
OWASPZAPPLUGINS 0.12785714285714286 0.12785714285714286 0.12785714285714286 0.12785714285714286


